$ 1 1e-9 0.575460267600573 53 5 50 5e-11
w 832 400 832 432 0
g 832 464 832 544 0 0
r 752 448 704 448 0 2.7
R 320 384 240 384 0 0 122 5 0 0 0.5
w 560 448 704 448 0
r 704 400 768 400 0 100000
c 624 688 624 736 0 2e-8 6.734472197336234 12
w 624 688 544 688 0
t 720 736 688 736 2 1 -6.734472654954616 -4.5761838249213763e-7 100 default
w 624 688 688 688 0
g 624 736 624 800 0 0
g 688 752 688 832 0 0
w 464 688 544 688 0
g 112 928 112 960 0 0
d 768 400 832 400 2 1N4004
w 704 400 704 448 0
f 752 448 832 448 32 2.8 67.93478260869566
150 368 432 480 432 0 2 12 12
R 832 -192 832 -288 0 0 40 12 0 0 0.5
r 832 -192 832 -112 0 0.3
162 112 832 112 880 2 default-led 1 0 0 0.01
r 112 880 112 928 0 1000
182 320 384 368 384 0 0.5 1 2 12 0
w 768 400 768 592 0
r 704 592 656 592 0 100000
r 736 560 736 512 0 4700
g 736 512 736 496 0 0
R 592 624 544 624 0 0 40 12 0 0 0.5
a 752 592 752 672 9 12 0 1000000 0.5192844187052876 0.5143270146626994 100000
182 320 480 368 480 0 0.5 1 2 12 0
r 320 384 320 336 0 200000
r 320 480 320 432 0 200000
w 368 480 368 448 0
w 368 416 368 384 0
R 320 432 320 416 0 0 40 12 0 0 0.5
w 464 688 320 688 0
w 320 688 320 480 0
g 320 336 320 320 0 0
a 480 448 560 448 9 12 0 1000000 11.999940000599993 12 100000
w 560 448 560 496 0
w 560 496 480 496 0
w 480 496 480 464 0
182 384 752 336 752 0 0.5 1 2 12 0
182 384 848 336 848 0 0.5 1 2 12 0
150 336 800 224 800 0 2 12 12
r 384 848 384 800 0 200000
r 416 752 416 800 0 200000
w 416 752 384 752 0
R 384 800 384 784 0 0 40 12 0 0 0.5
w 336 752 336 784 0
w 336 848 336 816 0
a 224 816 160 816 9 12 0 1000000 11.999940000599993 12 100000
w 160 816 160 864 0
w 160 864 224 864 0
w 224 864 224 832 0
w 464 848 464 688 0
w 384 848 464 848 0
174 592 624 624 576 1 10000 0.39110000000000006 Trimmer
s 880 -192 880 -128 0 1 true
w 832 -48 880 -48 0
w 880 -192 832 -192 0
r 880 -48 880 -128 0 1
w 832 -48 832 -112 0
r 752 672 752 736 0 4700
w 112 832 112 816 0
w 112 816 160 816 0
R 416 800 416 832 0 0 40 12 0 0 0.5
w 688 720 688 688 0
w 720 736 752 736 0
w 624 592 656 592 0
w 704 592 736 592 0
w 736 592 736 560 0
a 640 -160 544 -160 9 15 -15 1000000 1.0908972530443333 1.090909090909091 100000
a 464 -144 368 -144 9 15 -15 1000000 1.1837746380185992 1.1837864757649794 100000
r 704 -192 768 -192 0 10000
r 768 -112 704 -112 0 10000
r 704 -192 704 -256 0 1000
r 640 -112 544 -112 0 1000
w 640 -112 640 -144 0
w 544 -112 544 -160 0
w 640 -176 640 -192 0
w 640 -192 704 -192 0
w 768 -192 832 -192 0
w 768 -112 832 -112 0
w 704 -112 640 -112 0
w 544 -160 464 -160 0
g 704 -256 704 -272 0 0
w 368 -144 368 -80 0
w 368 -80 464 -80 0
w 464 -80 464 -128 0
r 368 -144 304 -144 0 1000
368 304 -144 240 -144 1 0 Voltage\s/10
r 832 64 832 144 0 0.0025
368 368 112 304 112 1 0 Current\s/100
r 432 112 368 112 0 1000
w 528 176 528 128 0
w 432 176 528 176 0
w 432 112 432 176 0
g 768 0 768 -16 0 0
w 608 96 528 96 0
w 768 144 704 144 0
w 704 64 768 64 0
w 704 80 704 64 0
w 608 144 608 96 0
w 704 144 704 112 0
r 704 144 608 144 0 4000
r 768 64 768 0 0 4000
r 832 144 768 144 0 1000
r 768 64 832 64 0 1000
a 528 112 432 112 9 15 -15 1000000 0.3945767625488 0.39458070831642544 100000
a 704 96 608 96 9 15 -15 1000000 0.12960007486321762 0.12960402067030077 100000
w 832 144 832 400 0
w 832 64 832 -48 0
o 9 4 0 4099 20 0.00009765625 0 2 9 3
38 19 F1 0 1.4 1.8 -1 Load
